
20
1 9 10 0 11 0 11 10 10 10 10 9 10 7 10 4 10 3 10 1
2 7 0 9 3 9 5 9 9 9 10 9 10 10 0 10
3 5 9 7 10 7 10 9 9 9 9 8
4 5 5 8 7 8 9 8 9 9 5 9
5 4 3 8 5 8 5 9 3 9
6 5 0 8 1 8 3 8 3 9 0 9
7 5 7 7 8 7 9 7 9 8 7 8
8 7 8 4 10 4 10 7 9 7 8 7 8 6 8 5
9 4 7 6 8 6 8 7 7 7
10 10 1 6 2 6 4 6 6 6 7 6 7 7 7 8 5 8 3 8 1 8
11 5 6 5 8 5 8 6 7 6 6 6
12 4 6 4 8 4 8 5 6 5
13 5 6 3 10 3 10 4 8 4 6 4
14 6 4 3 6 3 6 4 6 5 6 6 4 6
15 6 4 1 10 1 10 3 6 3 4 3 4 2
16 4 4 0 10 0 10 1 4 1
17 5 2 2 4 2 4 3 4 6 2 6
18 4 1 2 2 2 2 6 1 6
19 5 0 2 1 2 1 6 1 8 0 8
20 7 0 0 4 0 4 1 4 2 2 2 1 2 0 2
